111111111111111111111111111111111111111111111111111111111111111111111
111111111111111111111111111111111111111111111111111111111111111111111
111111111111111111111111111111111111111111111111111111111111111111111
111111111111111111111111111111111111111111111111111111111111111111111
111111111111111111111111111111111111111111111111111111111111111111111
111111111111111111111111111111111111111111111111111111111111111111111
111111111111111111111111111111111111111111111111111111111111111111111
111111111111111111111111111111111111111111111111111111111111111111111
111111111111111111111111111111111111111111111111111111111111111111111
111111111111111111111111111111111111111111111111111111111111111111111
111111111111111111111111111111111111111111111111111111111111111111111
111111111111111111111111111111111111111111111111111111111111111111111
111111111111111111111111111111111111111111111111111111111111111111111
111111111111111111111111111111111111111111111111111111111111111111111
111111111111111111111111111111111111111111111111111111111111111111111
111111111111111111111111111111111111111111111111111111111111111111111
111111111111111111111111111111111111111111111111111111111111111111111
111111111111111111111111111111111111111111111111111111111111111111111
111111111111111111111111111111111111111111111111111111111111111111111
111111111111111111111111111111111111111111111111111111111111111111111
111111111111111111111111111111111111111111111111111111111111111111111
111111111111111111111111111111111111111111111111111111111111111111111
111111111111111111111111111111111111111111111111111111111111111111111
111111111111111111111111111111111111111111111111111111111111111111111
111111111111111111111111111111111111111111111111111111111111001111111
111111111111111111111111111111111111111111111111111111111111001111011
111111111111111111111111111111111111111111111111111111111111111111111
11111111111111111111111111111111111111111111111111111111110011000110011
111111111111111111111111111111111111111111111111111111111100111000111111101
111111111111111111111111111111111111111111111111111111111111010000101010101
111111111111111111111111111111111111111111111111111111111101010001111011101
1111111111111111111111111111111111111111111111111111111110011110110000110011
111111111111111111111111111111111111111111111111111111111011111010100000000111
111111111111111111111111111111111111111111111111111111111101111010100011111001
1111111111111111111111111111111111111111111111111111111110100111011111010111001111
11111111111111111111111111111111111111111111111111111111110001100111110010011101001
11111111111111111111111111111111111111111111111111111111111100100111110001111101101
1111111111111111111111111111111111111111111111111111111111011101011100101010001111
1111111111111111111111111111111111111111111111111111000011101100111111111000001111
1111111111111111111111111111111111111111111111111111001110100010100001000000010001
111111111111111111111111111111111111111111111111111010010110101111000101000010011
1111111111111111111111111111111111111111111111111110100001001100011101011001001
111111111111111111111111111111111111111111111111111011101001011000110110111
111111111111111111111111111111111111111111111111111111101101110101011000011
1111111111111111111111111111111111111111111111111110110111111101111000001001
111111111111111111111111111111111111111111111111111010001010000110010011011001
1111111111111111111111111111111111111111111111111010010010001111110000111101101
11111111111111111111111111111111111111111111111011101110110100001110010010001000
11111111111111111111111111111111111111111111110000100011110111100010100111111101
111111111111111111111111111111111111111111111001101100101111000101011000100001011111
1111111111111111111111111111111111111111111101010110001000011011011100110110000110111111
1111111111111111111111111111111111111111111100110111111000001110001100011001011110000011111
111111111111111111111111111111111111111111100001101100111100111101111011011000110100011001
11111111111111111111111111111111111111111110100100100010100100111011111001111110011101001
11111111111111111111111111111111111111111110010011100000110100101010110101110101001101101
1111111111111111111111111111111111111111111111010001001000011010011010001011001011110101
1111111111111001111111111111111111111111111110111011110001010000110100010010110011000001
11111111111011101111111111111111111111111111011010000011010101101010010110101101110011101
11111111100100001000011111111111111111111111111100111010100100100010011010011010010111
11111111100000001111111111111111111111111111111111010010100111110010011011011011100
111111111101001011111111111111111111111111111111100100010011111100100001011110111011
100100100011110001100100010101010100110101110000010
10110110110011001011101100100000110001000111000
11110101011011101111111010111111001110110101101000
1011101111010110000100100011101111110010010001111101
1010111111111110000010010100010010001001110001001101
100001100101110111111001100010000010001111100001101110111
0110110100101010110100100010111001011110100101011111111
10111010011111110111111101101111100000011111111011110000
110001100010100100101011001101011000111111100011001101
11100001000100000001111111100011111101101110010001000011
10101101000001111110111001011001101101011111000001011
010001111000101011001010110110110110110111100111
1100000101010001110100011000011110101100
010101011001000110001101001100111
11101000010111110010110001111001
0001111101101110000101110101
001000000110111100011111101
1010110101111111100111101
100111101111111101
111110111000000100111
11001001110011001111000
1101001011010011000011011111
0111001111001000011101110
11100011101100010010011
101101101101000011101
110111101100011
1001100110011111
100011111011111101
11010011101010
11111000011101111
1000010000011101101
111101110110000001
000010001
010111
11
